ID,Description,Amount
1,NBA Street Outdoor Basketball ,14.44
2,Crocs Classic Clog,63.99
3,Universal Smartphone Car Air Vent Mount Holder,14.99
4,Essential Oil Diffuser,23.99
5,USB Type-C to USB Type-C 2.0 Charger Cable,25
